 a =  0.500000000    
 y =   2.00000000    
 1/a =   2.00000000    
